# row h = hardware patch index h (trigger_input_traces / trigger_output_patch7 order); value = row of sst1m_trigger_patches.csv
365
341
376
317
353
386
293
329
364
395
269
305
340
375
403
245
281
316
352
385
410
221
257
292
328
363
394
416
197
233
268
304
339
374
402
421
173
209
244
280
315
351
384
409
425
149
185
220
256
291
327
362
393
415
428
125
161
196
232
267
303
338
373
401
420
430
101
137
172
208
243
279
314
350
383
408
424
431
77
113
148
184
219
255
290
326
361
392
414
427
89
124
160
195
231
266
302
337
372
400
419
429
65
100
136
171
207
242
278
313
349
382
407
423
76
112
147
183
218
254
289
325
360
391
413
426
54
88
123
159
194
230
265
301
336
371
399
418
64
99
135
170
206
241
277
312
348
381
406
422
44
75
111
146
182
217
253
288
324
359
390
412
53
87
122
158
193
229
264
300
335
370
398
417
35
63
98
134
169
205
240
276
311
347
380
405
43
74
110
145
181
216
252
287
323
358
389
411
27
52
86
121
157
192
228
263
299
334
369
397
34
62
97
133
168
204
239
275
310
346
379
404
20
42
73
109
144
180
215
251
286
322
357
388
26
51
85
120
156
191
227
262
298
333
368
396
14
33
61
96
132
167
203
238
274
309
345
378
19
41
72
108
143
179
214
250
285
321
356
387
9
25
50
84
119
155
190
226
261
297
332
367
13
32
60
95
131
166
202
237
273
308
344
377
5
18
40
71
107
142
178
213
249
284
320
355
8
24
49
83
118
154
189
225
260
296
331
366
2
12
31
59
94
130
165
201
236
272
307
343
4
17
39
70
106
141
177
212
248
283
319
354
0
7
23
48
82
117
153
188
224
259
295
330
1
11
30
58
93
129
164
200
235
271
306
342
3
16
38
69
105
140
176
211
247
282
318
6
22
47
81
116
152
187
223
258
294
10
29
57
92
128
163
199
234
270
15
37
68
104
139
175
210
246
21
46
80
115
151
186
222
28
56
91
127
162
198
36
67
103
138
174
45
79
114
150
55
90
126
66
102
78
